60
1 2 5 3 10 0
2 4 7 5 3 0
3 6 12 7 8 0
4 8 15 9 6 0
5 10 4 11 9 0
6 12 11 13 6 0
7 14 20 15 7 0
8 16 8 17 14 0
9 18 3 19 12 0
10 20 5 21 13 0
11 22 6 23 10 0
12 24 11 25 18 0
13 26 9 27 15 0
14 28 4 29 20 0
15 30 17 31 6 0
16 32 7 33 12 0
17 34 8 35 14 0
18 36 6 37 3 0
19 38 10 39 7 0
20 40 8 41 5 0
21 42 4 43 11 0
22 44 13 45 12 0
23 46 15 47 14 0
24 48 9 49 6 0
25 50 3 51 10 0
26 52 8 53 7 0
27 54 12 55 6 0
28 56 4 57 10 0
29 58 9 59 11 0
30 60 3 0
31 33 14 0
32 34 15 0
33 35 7 0
34 36 6 0
35 37 11 0
36 38 12 0
37 39 10 0
38 40 9 0
39 41 8 0
40 42 13 0
41 43 14 0
42 44 6 0
43 45 5 0
44 46 12 0
45 47 15 0
46 48 14 0
47 49 13 0
48 50 9 0
49 51 10 0
50 52 11 0
51 53 8 0
52 54 7 0
53 55 12 0
54 56 6 0
55 57 5 0
56 58 13 0
57 59 14 0
58 60 10 0
59 1 6 0
60 2 8 0
